Time-----Height-----Velocity
0.000	0.000	0.000
0.100	0.000	3.352
0.200	0.335	6.763
0.300	1.012	10.232
0.400	2.035	13.760
0.500	3.411	17.348
0.600	5.145	20.996
0.700	7.245	24.705
0.800	9.716	28.474
0.900	12.563	32.305
1.000	15.793	36.197
1.100	19.413	40.152
1.200	23.428	44.168
1.300	27.845	48.246
1.400	32.670	52.386
1.500	37.908	56.589
1.600	43.567	60.853
1.700	49.653	65.179
1.800	56.170	69.566
1.900	63.127	74.014
2.000	70.528	78.522
2.100	78.381	83.090
2.200	86.689	87.716
2.300	95.461	92.401
2.400	104.701	97.142
2.500	114.415	101.939
2.600	124.609	106.791
2.700	135.289	111.694
2.800	146.458	116.649
2.900	158.123	121.653
3.000	170.288	126.703
3.100	182.958	131.798
3.200	196.138	136.935
3.300	209.832	142.111
3.400	224.043	147.323
3.500	238.775	152.568
3.600	254.032	157.842
3.700	269.816	163.141
3.800	286.130	168.462
3.900	302.976	173.801
4.000	320.357	179.151
4.100	338.272	184.509
4.200	356.723	189.870
4.300	375.710	195.227
4.400	395.232	200.575
4.500	415.290	205.908
4.600	435.881	211.219
4.700	457.003	216.502
4.800	478.653	221.749
4.900	500.828	226.953
5.000	523.523	232.106
5.100	546.733	237.201
5.200	570.454	228.988
5.300	593.352	221.268
5.400	615.479	213.994
5.500	636.878	207.127
5.600	657.591	200.632
5.700	677.654	194.477
5.800	697.102	188.635
5.900	715.966	183.080
6.000	734.274	177.791
6.100	752.053	172.747
6.200	769.327	167.931
6.300	786.121	163.325
6.400	802.453	158.916
6.500	818.345	154.689
6.600	833.813	150.632
6.700	848.877	146.735
6.800	863.550	142.986
6.900	877.849	139.378
7.000	891.787	135.900
7.100	905.377	132.545
7.200	918.631	129.306
7.300	931.562	126.176
7.400	944.179	123.149
7.500	956.494	120.218
7.600	968.516	117.380
7.700	980.254	114.628
7.800	991.717	111.958
7.900	1002.912	109.366
8.000	1013.849	106.848
8.100	1024.534	104.399
8.200	1034.974	102.017
8.300	1045.175	99.699
8.400	1055.145	97.440
8.500	1064.889	95.239
8.600	1074.413	93.092
8.700	1083.722	90.997
8.800	1092.822	88.952
8.900	1101.717	86.954
9.000	1110.413	85.001
9.100	1118.913	83.091
9.200	1127.222	81.223
9.300	1135.344	79.394
9.400	1143.284	77.603
9.500	1151.044	75.848
9.600	1158.629	74.127
9.700	1166.041	72.440
9.800	1173.285	70.785
9.900	1180.364	69.160
10.000	1187.280	67.564
10.100	1194.036	65.996
10.200	1200.636	64.455
10.300	1207.081	62.940
10.400	1213.376	61.450
10.500	1219.521	59.984
10.600	1225.519	58.540
10.700	1231.373	57.119
10.800	1237.085	55.719
10.900	1242.657	54.339
11.000	1248.091	52.978
11.100	1253.388	51.636
11.200	1258.552	50.313
11.300	1263.583	49.006
11.400	1268.484	47.717
11.500	1273.256	46.443
11.600	1277.900	45.185
11.700	1282.418	43.941
11.800	1286.812	42.712
11.900	1291.084	41.497
12.000	1295.233	40.294
12.100	1299.263	39.105
12.200	1303.173	37.927
12.300	1306.966	36.761
12.400	1310.642	35.606
12.500	1314.203	34.463
12.600	1317.649	33.329
12.700	1320.982	32.205
12.800	1324.202	31.091
12.900	1327.311	29.986
13.000	1330.310	28.889
13.100	1333.199	27.801
13.200	1335.979	26.720
13.300	1338.651	25.648
13.400	1341.216	24.582
13.500	1343.674	23.523
13.600	1346.026	22.471
13.700	1348.273	21.425
13.800	1350.416	20.385
13.900	1352.454	19.351
14.000	1354.390	18.322
14.100	1356.222	17.298
14.200	1357.952	16.278
14.300	1359.579	15.263
14.400	1361.106	14.252
14.500	1362.531	13.245
14.600	1363.855	12.242
14.700	1365.080	11.241
14.800	1366.204	10.244
14.900	1367.228	9.250
15.000	1368.153	8.258
15.100	1368.979	7.268
15.200	1369.706	6.280
15.300	1370.334	5.294
15.400	1370.863	4.309
15.500	1371.294	3.326
15.600	1371.627	2.344
15.700	1371.861	1.362
15.800	1371.997	0.381
15.900	1372.035	-0.600
----------------------------------------------Maximum height reached
16.000	1371.975	-1.581
16.100	1371.817	-2.563
16.200	1371.561	-3.545
16.300	1371.206	-4.527
16.400	1370.753	-5.511
16.500	1370.202	-6.496
16.600	1369.553	-7.482
16.700	1368.805	-8.470
16.800	1367.958	-9.461
16.900	1367.011	-10.453
17.000	1365.966	-11.448
17.100	1364.821	-12.446
17.200	1363.577	-13.447
17.300	1362.232	-14.451
17.400	1360.787	-15.459
17.500	1359.241	-16.471
17.600	1357.594	-17.487
17.700	1355.845	-18.507
17.800	1353.995	-19.532
17.900	1352.041	-20.562
18.000	1349.985	-21.597
18.100	1347.826	-22.638
18.200	1345.562	-23.685
18.300	1343.193	-24.738
18.400	1340.719	-25.798
18.500	1338.140	-26.864
18.600	1335.453	-27.938
18.700	1332.659	-29.019
18.800	1329.757	-30.109
18.900	1326.746	-31.206
19.000	1323.626	-32.312
19.100	1320.395	-33.428
19.200	1317.052	-34.552
19.300	1313.597	-35.687
19.400	1310.028	-36.831
19.500	1306.345	-37.987
19.600	1302.546	-39.153
19.700	1298.631	-40.331
19.800	1294.598	-41.521
19.900	1290.446	-42.724
20.000	1286.173	-43.940
20.100	1281.779	-45.169
20.200	1277.262	-46.412
20.300	1272.621	-47.670
20.400	1267.854	-48.943
20.500	1262.960	-50.232
20.600	1257.937	-51.537
20.700	1252.783	-52.859
20.800	1247.497	-54.200
20.900	1242.077	-55.558
21.000	1236.521	-56.936
21.100	1230.828	-58.333
21.200	1224.994	-59.752
21.300	1219.019	-61.192
21.400	1212.900	-62.654
21.500	1206.635	-64.140
21.600	1200.221	-65.649
21.700	1193.656	-67.184
21.800	1186.937	-68.745
21.900	1180.063	-70.334
22.000	1173.029	-71.951
22.100	1165.834	-73.597
22.200	1158.475	-75.274
22.300	1150.947	-76.984
22.400	1143.249	-78.726
22.500	1135.376	-80.504
22.600	1127.326	-82.318
22.700	1119.094	-84.170
22.800	1110.677	-86.061
22.900	1102.071	-87.994
23.000	1093.272	-89.971
23.100	1084.274	-91.992
23.200	1075.075	-94.061
23.300	1065.669	-96.179
23.400	1056.051	-98.349
23.500	1046.216	-100.573
23.600	1036.159	-102.854
23.700	1025.874	-105.195
23.800	1015.354	-107.598
23.900	1004.594	-110.067
24.000	993.588	-112.605
24.100	982.327	-115.216
24.200	970.806	-117.903
24.300	959.015	-120.671
24.400	946.948	-123.524
24.500	934.596	-126.466
24.600	921.949	-129.502
24.700	908.999	-132.639
24.800	895.735	-135.881
24.900	882.147	-139.235
25.000	868.224	-142.708
25.100	853.953	-146.307
25.200	839.322	-150.039
25.300	824.318	-153.913
25.400	808.927	-157.939
25.500	793.133	-162.126
25.600	776.920	-166.486
25.700	760.272	-171.029
25.800	743.169	-175.770
25.900	725.592	-180.722
26.000	707.520	-185.901
26.100	688.930	-191.324
26.200	669.797	-197.009
26.300	650.096	-202.979
26.400	629.798	-209.256
26.500	608.873	-215.865
26.600	587.286	-222.835
26.700	565.003	-230.198
26.800	541.983	-237.990
26.900	518.184	-246.251
27.000	493.559	-255.026
27.100	468.056	-264.366
27.200	441.620	-274.330
27.300	414.187	-284.984
27.400	385.688	-296.404
27.500	356.048	-308.677
27.600	325.180	-321.904
27.700	292.990	-336.204
27.800	259.370	-351.713
27.900	224.198	-368.594
28.000	187.339	-387.037
28.100	148.635	-407.271
28.200	107.908	-429.572
28.300	64.951	-454.271
28.400	19.524	-481.776
--------------------------------- Touches the ground------------
28.500	-28.654	-512.589
28.600	-79.913	-547.342
28.700	-134.647	-586.828
28.800	-193.330	-632.071
28.900	-256.537	-684.401
29.000	-324.977	-745.587
